Feature	N	A	V	AV
mfcc0	0.23428244459666542	2.467762174629447	2.6167250231490864	0.4952361682810645
mfcc1	0.17182490800767275	2.2665993575610073	2.0493551227775346	0.4075541079946095
mfcc2	0.4437523370511095	3.242964482134484	3.7378025271339332	0.17056037639353613
mfcc3	0.029705558364025796	2.7621654559892503	1.1839462493230066	0.484605406688176
mfcc4	0.3558018735087357	0.7499716934264293	2.1283944801007166	0.7244088125355805
mfcc5	0.1477029043594825	1.2700654290911497	1.3467843823906862	0.01952466495038217
mfcc6	0.41996430249396466	1.3919585255160387	2.528920399852294	0.958721739357434
mfcc7	0.3845039606552219	1.4999763375074302	0.6258895636266456	2.2220472768366273
mfcc8	0.22357771384818248	1.6843341259840228	0.02400486432397744	1.5005573208106264
mfcc9	0.39062515863445907	2.188599467780176	0.12577087857100638	2.705469979269534
mfcc10	0.17511901439017352	0.35277957559010614	0.5213717631873404	0.9820938165441239
mfcc11	0.23715260006842634	0.6997647823244828	0.2939989261255599	1.5356211349596702
mfcc12	0.3256850997668415	2.279368664817623	0.023634008463338605	2.2984833089503747
mfcc'0	0.06716130920110201	0.2910398587362372	0.10395165632268641	0.7782625353824584
mfcc'1	0.19977614846961733	1.810244267889224	0.16237047655428977	1.4862504480515213
mfcc'2	0.0411187122531911	0.028478655539865293	0.014311941613447022	0.36702474912095934
mfcc'3	0.14253770647855749	0.7104471028199894	0.13372647831225717	1.2236349224457204
mfcc'4	0.05360028131835644	0.6136526334265009	0.10877266789277314	0.4455521335602638
mfcc'5	0.20384484776871153	1.3107814012905523	0.02825357748027853	1.4829923789726462
mfcc'6	0.1778659040940568	1.5251029019828084	0.22195292662914565	1.4369750442874858
mfcc'7	0.06100047279800216	0.5172649722128629	0.00427195870823864	0.40827076892330705
mfcc'8	0.06312031014417255	0.3658947699906578	0.07421399015703482	0.5472901109651821
mfcc'9	0.012733597241975566	0.0858925070787288	0.09908524451770838	0.029000846187422283
mfcc'10	0.04006365203985212	0.21709792140877512	0.04797048749540861	0.3521062969221533
mfcc'11	0.02188111790629808	0.4335701286058017	0.05649419608193312	0.15167635742269675
mfcc'12	0.030744518424613437	0.5141143291834387	0.0025649984804451426	0.13828128376187881
mfcc''0	0.057360040354470634	1.5526652587422896	0.7479018262430618	1.0136900613288036
mfcc''1	0.030405603159009153	0.24533218893762654	0.0863385754189009	0.10070652381067545
mfcc''2	0.09301777856365577	0.18950666863480306	0.3039945428844737	0.39730502745240526
mfcc''3	0.08222358164881938	0.26943729657271487	0.010748642057819715	0.6349677132790221
mfcc''4	0.09734578459060345	0.16290260249433422	0.46911786025105934	0.323312325743482
mfcc''5	0.005860402051641387	0.1171008278138027	0.05222249133207286	0.040198741112020854
mfcc''6	0.1449499940546718	0.8685205356242716	0.09717831694758215	0.9297315932419775
mfcc''7	0.005249520869141575	0.7545258046659479	0.2952729253203785	0.21469107991250097
mfcc''8	0.1714701121966117	1.6128606886646646	0.38859273319747106	1.559424254286309
mfcc''9	0.0509259323360085	0.48122324157528845	0.0036267672022031704	0.3288621229104538
mfcc''10	0.06813425728801012	0.5804690553886223	0.2406098127402322	0.7375183822367369
mfcc''11	0.051240472863930964	0.5687557377956559	0.14181962434448805	0.4755676707097104
mfcc''12	0.18900504163835005	1.5940066421462404	0.10464794707397254	1.3764840222773005
ZCR	0.13123604138664216	0.28865473222773286	0.08828564516658974	0.9628683907256131
Spectral contrats	0.1326794648925085	0.9387929812064008	1.0194557457723126	0.16087242346729747
moyenne gris	368.65052019169246	2845.3683920832486	280.9437169969106	2841.0835802407905
variance gris	31.695724190777252	223.72385374207713	39.5836852084178	267.8333844858334
moyenne bleu	36.093310613308425	270.32348892461255	23.15023355865017	274.96417127132855
variance bleu	32.28614727961771	275.80948567158265	40.45629709150884	261.29005676512463
moyenne vert	115.52186057834142	891.2427536277835	88.60997391785894	891.0745510831674
variance vert	14.050791571241925	102.6317129354057	18.40665651722195	118.91602286000412
moyenne rouge	77.7980570727149	606.3399590635104	62.072225015242566	601.465155467131
variance rouge	4.241643614974329	29.828763656265366	5.574095210572932	36.20077510744552
moyenne saturation	115.5218605783532	891.2427536278739	88.60997391786803	891.0745510832584
variance saturation	14.05079157126676	102.63171293559715	18.406656517240634	118.91602286019527
moyenne luminosité	77.79805707279037	606.3399590640923	62.07222501530003	601.4651554677127
variance luminosité	4.241643615004556	29.828763656498555	5.574095210595712	36.20077510767819
moyenne teinte	18.14558112676013	147.5253284004267	21.23143820597147	146.87641605832744
variance teinte	0.5074721456746514	0.9070631611784269	1.03648317319101	5.4228447416471495
Histogramme bleu 0	0.48144692315077736	3.4218825651184317	1.4433817896104602	5.070072431521905
Histogramme bleu 1	0.005569069069507654	6.080724230690522	2.4164761930386014	1.455486452653486
Histogramme bleu 2	0.07206127358969035	4.154251374774585	2.7223107226426424	1.6178262618550119
Histogramme bleu 3	0.8480456582719377	0.6911873640411382	1.9190582806822098	4.895126032248074
Histogramme bleu 4	1.923462843864832	10.536139060735573	1.9422616050354897	16.445367306410123
Histogramme bleu 5	2.477771397736818	3.334477148824145	7.117846542805593	12.173749879134357
Histogramme bleu 6	0.5166908097292553	0.5785098837698911	2.2964152907937097	1.8778251926802725
Histogramme bleu 7	0.1545394229223611	0.5228464274288358	0.7548038833124	0.5657119142832928
Histogramme bleu 8	1.5100107695638714	10.64118189212988	1.0977593833555055	9.19439052614488
Histogramme bleu 9	1.8710813793189798	12.608429151691299	2.9761572937785425	9.600496665346661
Histogramme bleu 10	6.662564292955836	43.303593941327705	17.83409611136727	68.59062324952377
Histogramme bleu 11	0.1493001875522516	2.0836612983156897	0.039771104999365654	0.7396164768771786
Histogramme bleu 12	0.24311413251117858	2.6412634859032966	0.11834040092201374	1.6068751360987317
Histogramme bleu 13	0.4100319074181037	3.423255630964494	1.0125591600137598	3.9345085196953336
Histogramme bleu 14	4.956809822507295	37.157765635967195	3.7089029690219526	38.38720135068087
Histogramme bleu 15	0.7128492589381065	11.424683286548165	2.7812125548682776	6.725868620903589
Histogramme teinte 0	20.660436160223448	154.54712800029753	5.218949573590073	147.8303127255069
Histogramme teinte 1	3.056941119020661	20.91211550679132	0.40505953605214473	21.910954657739026
Histogramme teinte 2	5.439673279371479	35.113221579674686	0.2277327900059644	38.911760996119924
Histogramme teinte 3	0.02866429328042291	0.39654523562462174	0.0020809960444543476	0.1544789592094181
Histogramme teinte 4	0.20384513992091688	1.5630695458904271	0.09878928981686247	1.5058155349784421
Histogramme teinte 5	0.20183368600319407	1.478235009841401	0.07335771830222222	1.4786355962375348
Histogramme teinte 6	0.13095021579944027	6.35193553700187	2.2681261656368137	2.2999370054256136
Histogramme teinte 7	0.5206983278033126	3.7108335087100692	1.0967782876775267	4.9255144279958305
Histogramme teinte 8	2.8125321498906555	20.252883185853072	0.9905818706790818	20.651253690042207
Histogramme teinte 9	0.34235992178524915	3.2333511460865454	1.1880484624282948	3.603518511437092
Histogramme teinte 10	0.4535345838062175	3.7969356683280493	0.8290997007981363	4.0013577419549975
Histogramme teinte 11	0.02495278858846754	0.08555713360785101	0.28725567449782397	0.5393554396317056
Histogramme teinte 12	0.03212405330542415	0.5180613776062204	0.1348203929266666	0.008943724647660358
Histogramme teinte 13	3.705677482122234e-12	2.835105722254323e-11	2.645822367034466e-12	2.840651618204682e-11
Histogramme teinte 14	5.619092512063132e-13	4.304898666474138e-12	5.756496774304998e-13	4.514693024386276e-12
Histogramme teinte 15	8.358691600609934e-12	6.460134793772072e-11	6.425730000936825e-12	6.446362391923228e-11
Histogramme vert 0	2.947022897566572e-12	2.2900992795259568e-11	2.241296229741607e-12	2.2668566798955223e-11
Histogramme vert 1	0.921626828089832	13.476487985028209	5.298551994364782	11.048838445453184
Histogramme vert 2	0.26130185189297184	2.4627200981111024	4.035783244750018	1.959778619715737
Histogramme vert 3	0.2030020439316852	10.59978711536856	7.456853823047423	8.096507897350078
Histogramme vert 4	1.5485343159763658	26.20024689319338	14.205150619021149	24.04040586009437
Histogramme vert 5	2.5438159739983712	23.984886096474725	6.529336355608573	24.03511885483023
Histogramme vert 6	0.673822058940091	7.698397192907638	0.7547074565428746	4.871990927324728
Histogramme vert 7	2.980134307548735	22.61919425981238	0.15277588509141177	20.16036251696648
Histogramme vert 8	0.651789723388758	4.724343694386146	0.8689616353884134	5.543289368714566
Histogramme vert 9	2.693004438330532	15.44258397178978	0.9626067176935648	18.451015345155515
Histogramme vert 10	0.06687717890094544	1.5317244556422849	0.490488283196865	0.7934188635643683
Histogramme vert 11	0.16304291412531674	1.092199294202373	0.33874502999212835	1.55371517119543
Histogramme vert 12	0.5368005203686211	6.418185489214492	1.2601199442393036	4.5999622763794825
Histogramme vert 13	0.26836350209884985	2.1194958428983344	0.09185849600085917	1.9216560368896638
Histogramme vert 14	0.9504582020169401	4.614819509996096	1.8196170631953759	4.945341838860641
Histogramme vert 15	0.1563884504495492	1.2685456934412505	0.9721330652247828	2.210730556157934
Histogramme saturation 0	1.4965626473037783	6.108352052331808	2.5987370051420005	8.38809385470097
Histogramme saturation 1	0.3032636575828162	0.9793848854214329	0.33143459619059945	1.9963409441616498
Histogramme saturation 2	0.657159459744808	7.323492757862786	1.1405586244221475	5.280521266335744
Histogramme saturation 3	1.836761550044604	13.358044858930175	0.9180070198224477	13.778797093650029
Histogramme saturation 4	0.550425280542884	5.530477403159718	1.1308921438288375	4.780236942926018
Histogramme saturation 5	0.28543665249291605	2.3617507623968255	1.0613152715603646	3.17059064083354
Histogramme saturation 6	1.3322598685544607	20.046744123605926	6.419009591685071	14.349638733412213
Histogramme saturation 7	0.9816626747643495	9.990693940440035	0.09013687845934763	6.18906690963515
Histogramme saturation 8	1.523570621259129	14.876673150048099	2.888543055265669	13.047735242572818
Histogramme saturation 9	1.689706999303519	13.560353767524859	1.6891038718834865	13.37576296883684
Histogramme saturation 10	0.36022883411947154	5.077437827149518	1.0244979932287175	3.1128737254287464
Histogramme saturation 11	1.3190879673429436	10.4271861397035	1.16774099504434	10.300187884893322
Histogramme saturation 12	0.4530378083088994	0.6235281672541338	0.7475374319457951	2.8851752728324525
Histogramme saturation 13	0.237838766055557	1.6403368700944347	0.2575443390175229	1.3556470065036177
Histogramme saturation 14	0.601851343059607	2.8732667818737463	1.0371019893566027	3.281177501567893
Histogramme saturation 15	0.30162046136744197	2.243990216531498	0.09052934518053266	1.9616823536586385
Histogramme rouge 0	0.06960185529019412	0.43940245059736144	0.038477430157886086	0.4507740540290241
Histogramme rouge 1	2.7644797810029345	24.89255680282443	2.4168444272249476	20.808347747968355
Histogramme rouge 2	7.050517284461737	60.09396306656201	3.4223506821412073	50.61722739361033
Histogramme rouge 3	2.4835399330796375	19.490233923501293	0.5596473589497618	16.12745543105744
Histogramme rouge 4	1.6630198394052433	11.700987916619573	2.289544023717359	8.837762336334821
Histogramme rouge 5	0.14674591198464665	5.016594979565215	0.8563213787735974	1.0737841824103034
Histogramme rouge 6	2.2702060824344197	20.4501569144819	2.423750454966358	17.611177834189625
Histogramme rouge 7	0.9283976672430468	7.2733141212352	0.30567105745393797	6.647844062011661
Histogramme rouge 8	0.6247333425258721	7.57460538371975	3.0325535116476594	7.2014621935201735
Histogramme rouge 9	2.9598468210721682	23.13027633885852	2.062957216671155	22.510534141553087
Histogramme rouge 10	1.2641154832676962	12.254151023708884	2.7494670152530074	11.26966102796481
Histogramme rouge 11	0.35237371038982945	1.1105071497864132	0.014979531452058248	2.8050057287440042
Histogramme rouge 12	1.9642215102624245	22.986225320686273	0.26701600157418137	11.756368691255227
Histogramme rouge 13	0.17640046927473793	0.8843231030206906	0.8333204488365435	2.3120955190170545
Histogramme rouge 14	1.7629029623404442	9.834108115199493	1.8719325576122396	10.659855013625755
Histogramme rouge 15	1.1601292871506697	10.454181394273332	1.8241799058873291	9.699447765379881
Histogramme luminosité 0	0.1135071378364154	1.6078006212528282	0.3480330548997633	1.00909658052964
Histogramme luminosité 1	0.6815916548727917	9.143812854484635	2.0952179540674436	6.190494729394124
Histogramme luminosité 2	8.116526234076971	83.77123199769446	16.78988721154302	70.0835837315409
Histogramme luminosité 3	2.767144302225541	31.013256752275343	5.642322038876589	23.196783307236505
Histogramme luminosité 4	3.221647850791822	36.28898034192377	5.875525461028194	26.132708274418185
Histogramme luminosité 5	0.1254462372348253	12.92538558059984	5.791582617289782	4.863499471184645
Histogramme luminosité 6	2.424374826505175	28.074023918981162	7.506998282730497	23.1702986380663
Histogramme luminosité 7	0.19471975670176636	0.8311056047701396	0.007992199335107524	1.4774978774359713
Histogramme luminosité 8	3.930985264598533	23.904028588214814	2.824936797494875	24.90178004387726
Histogramme luminosité 9	2.2289715519058517	6.974791689969118	7.825518145005315	8.279434025261494
Histogramme luminosité 10	7.777102480177589	50.816496547899334	18.127532810846592	76.78079257509059
Histogramme luminosité 11	1.5831868619157223	18.52125125213727	0.24815776905290887	9.516636041161439
Histogramme luminosité 12	3.038335461435901	32.783466220905375	0.4989074891582968	18.964591625221598
Histogramme luminosité 13	0.5442698777845683	3.790450440461986	0.8758008847171782	4.84626780701852
Histogramme luminosité 14	3.533775652727552	26.967033211987918	2.5981185171416548	27.19534739244484
Histogramme luminosité 15	0.3390470228626824	8.218918894709137	2.5504094718569212	3.9880189791306737
